  // buffer.push([255,
  // 1,1652168327,43.709,7.259,10,
  // 1,1652169192,43.664,7.180,10,
  // 1,1652170057,43.604,7.074,10,
  // 1,1652170922,43.540,6.928,10,
  // 1,1652171787,43.549,6.796,10,
  // 1,1652172652,43.468,6.660,10,
  // 1,1652173517,43.408,6.205,10,
  // 1,1652174382,43.484,5.741,10,
  // 1,1652175247,43.519,5.422,10,
  // 1,1652176112,43.668,5.097,10,
  // 1,1652176977,43.870,4.961,10,
  // 1,1652177842,44.111,4.844,10,
  // 1,1652178707,44.356,4.736,10,
  // 1,1652179572,44.624,4.789,10,
  // 1,1652180437,44.950,4.886,10,
  // 1,1652181302,45.333,4.809,10,
  // 1,1652182167,45.743,4.826,10,
  // 1,1652183032,45.829,4.760,10,
  // 1,1652183897,45.933,4.728,10,
  // 2,1652184762,46.051,4.731,
  // 3,1652185627,46.162,4.771,
  // 1,1652186492,46.293,4.790,12,
  // 1,1652187357,46.438593761099, 4.870337750258584,13.5,
  // 1,1652188222,46.54784058869583, 4.914571194333271,15,
  // 1,1652189087,46.667493057524354, 4.850985620380427,15,
  // 1,1652189952,46.78688125315289, 4.821680962990308,15,
  // 2,1652190817,46.980747977454406, 4.843797684544248,12,
  // 1,1652191682,47.12502999100594, 4.9676513264064805,10.5,
  // 1,1652192547,47.301552942314196, 5.080446610660723,10,
  // 1,1652193412,47.22125152384382, 5.289449637923183,10,
  // 1,1652194277,47.12051533013687, 5.393951153488026,10,
  // 1,1652195142,47.185940435054654, 5.69197398079679,10,
  // 1,1652196007,47.244153591784986, 5.896553657381855,10,
  // 1,1652196872,47.33266510714631, 6.139837600168611,10,
  // 1,1652197737,47.41317167953611, 6.512504370066977,10,
  // 1,1652198602,47.45357507022633, 6.752223175503645,10,
  // 1,1652199467,47.664314033799066, 6.950217976124686,10,
  // 1,1652200332,47.763414846141075, 7.318037590967046,10,
  // 1,1652201197,47.779102049460256, 7.539373263145622,10,
  // 1,1652202062,47.94919272997207, 7.656882378316315,10,
  // 1,1652202927,48.0848635291427, 7.800951765331222,10,
  // 1,1652203792,48.23197359988016, 7.74863607013773,10,
  // 1,1652204657,48.39630036364813, 7.8419994744818196,10,
  // 1,1652205522,48.60695234726676, 7.9949222879293504,10,
  // 1,1652206387,48.83407045181444, 8.22359000253373,10,
  // 1,1652207252,48.9726833372416, 8.434462524394073,10,
  // 1,1652208117,49.213016852442905, 8.599458197815718,10,
  // 1,1652208982,49.27711938632236, 8.754795588282775,10,
  // 1,1652209847,49.17631722568352, 9.240995322766407,10,
  // 1,1652210712,49.20577352272743, 9.674813208217966,10,
  // 1,1652211577,49.212083304229786, 10.160141934582374,10,
  // 1,1652212442,49.26568394036551, 10.522327569564503,10,
  // 1,1652213307,49.31660313764709, 10.889342331585688,10,
  // 1,1652214172,49.37637909986485, 11.14126255456961,10,
  // 1,1652215037,49.45387465669266, 11.073654576076732,10,
  // // Retour
  // 1,1652169046,49.441338248145506, 11.059342526838151,10,
  // 1,1652336692,49.37630821826339, 11.132986321449758,10,
  // 1,1652337942,49.3146213488573, 11.021205561771426,10,
  // 1,1652339192,49.25285712875406, 10.633260572299568,10,
  // 1,1652340442,49.21249707768593, 10.253205948599,10,
  // 1,1652341692,49.04814130888315, 10.176932012929791,10,
  // 1,1652342942,48.870824942603406, 10.171027682637543,10,
  // 1,1652344192,48.64976420189368, 10.226260528596251,10,
  // 1,1652345442,48.50707753331882, 10.082918140100823,10,
  // 1,1652346692,48.21874295208784, 10.12368524068939,10,
  // 1,1652347942,47.99922049851117, 10.148671525421591,10,
  // 1,1652349192,47.85823387945832, 10.004014071720222,10,
  // 1,1652350442,47.706244492811365, 9.802808681560059,10,
  // 3,1652351692,47.55647316547415, 9.730479954709375,
  // 1,1652352942,47.359970520096, 9.654206025938578,13,
  // 1,1652354192,47.16988590653698, 9.481932124645041,10.5,
  // 1,1652355442,47.03202859740949, 9.466151315261259,10,
  // 1,1652356692,46.85156085339612, 9.504288284671428,10,
  // 1,1652357942,46.66958226145483, 9.442480099908117,10,
  // 1,1652359192,46.524099664603874, 9.19787747150841,10,
  // 1,1652360442,46.23014305165593, 9.136069290492372,10,
  // 1,1652361692,46.13636233999478, 8.921713210288834,10,
  // 1,1652362942,45.85406023905835, 8.98220633938472,10,
  // 1,1652364192,45.566635311649364, 9.01902824938018,10,
  // 2,1652365442,45.386821329639304, 9.132124081248048,
  // 1,1652366692,45.01710595854774, 8.92434335977783,10,
  // 1,1652367942,44.76555961785543, 8.665275006021854,10,
  // 1,1652369192,44.54572564746083, 8.677110614081679,10,
  // 1,1652370442,44.42187892827624, 8.737603731084072,10,
  // 1,1652371692,44.32129509095748, 8.473275085929869,10,
  // 1,1652372942,44.182828154023206, 8.295740938205462,10,
  // 1,1652374192,44.064827697579105, 8.168179348959141,10,
  // 1,1652375442,43.94753838385112, 8.119521841805044,10,
  // 1,1652376692,43.8376061803836, 7.7552480556780115,10,
  // 1,1652377942,43.792057638765854, 7.498809824328405,10,
  // 1,1652379192,43.71131353432584, 7.264727743722148,10,
  // 254
  // ]);

  // Nice - Nuremberg
    {43.709,7.259},
    {43.664,7.180},
    {43.604,7.074},
    {43.540,6.928},
    {43.549,6.796},
    {43.468,6.660},
    {43.408,6.205},
    {43.484,5.741},
    {43.519,5.422},
    {43.668,5.097},
    {43.870,4.961},
    {44.111,4.844},
    {44.356,4.736},
    {44.624,4.789},
    {44.950,4.886},
    {45.333,4.809},
    {45.743,4.826},
    {45.829,4.760},
    {45.933,4.728},
    {46.051,4.731},
    {46.162,4.771},
    {46.293,4.790},
    {46.438,4.870},
    {46.547,4.914},
    {46.667,4.850},
    {46.786,4.821},
    {46.980,4.843},
    {47.125,4.967},
    {47.301,5.080},
    {47.221,5.289},
    {47.120,5.393},
    {47.185,5.691},
    {47.244,5.896},
    {47.332,6.139},
    {47.413,6.512},
    {47.453,6.752},
    {47.664,6.950},
    {47.763,7.318},
    {47.779,7.539},
    {47.949,7.656},
    {48.084,7.800},
    {48.231,7.748},
    {48.396,7.841},
    {48.606,7.994},
    {48.834,8.223},
    {48.972,8.434},
    {49.213,8.599},
    {49.277,8.754},
    {49.176,9.240},
    {49.205,9.674},
    {49.212,10.160},
    {49.265,10.522},
    {49.316,10.889},
    {49.376,11.141},
    {49.453,11.073},

// Nuremberg - Nice


{49.441,11.059},
{49.376,11.132},
{49.314,11.021},
{49.252,10.633},
{49.212,10.253},
{49.048,10.176},
{48.870,10.171},
{48.649,10.226},
{48.507,10.082},
{48.218,10.123},
{47.999,10.148},
{47.858,10.004},
{47.706,9.802},
{47.556,9.730},
{47.359,9.654},
{47.169,9.481},
{47.032,9.466},
{46.851,9.504},
{46.669,9.442},
{46.524,9.197},
{46.230,9.136},
{46.136,8.921},
{45.854,8.982},
{45.566,9.019},
{45.386,9.132},
{45.017,8.924},
{44.765,8.665},
{44.545,8.677},
{44.421,8.737},
{44.321,8.473},
{44.182,8.295},
{44.064,8.168},
{43.947,8.119},
{43.837,7.755},
{43.792,7.498},
{43.711,7.264},


[2,1,6,12,9,87,66,95,101,120,116,95,69,87,50,50,208,255,48,0,255,1,148,175,177,98,225,122,47,66,131,192,158,64,41,92,239,65,1,153,175,177,98,170,113,48,66,12,2,155,64,164,112,239,65,1,158,175,177,98,139,108,49,66,80,141,151,64,154,153,239,65,1,163,175,177,98,250,126,50,66,125,63,153,64,20,174,239,65,1,168,175,177,98,205,204,51,66,29,90,156,64,143,194,239,65,1,173,175,177,98,254,84,53,66,84,227,153,64,10,215,239,65,1,9,174,177,98,139,236,64,66,158,239,247,64,51,51,239,65,1,14,174,177,98,129,149,65,66,121]

[2,1,6,12,9,87,66,95,101,120,116,95,69,87,50,50,208,255,48,0,255,1,61,177,177,98,4,86,64,66,154,153,249,64,113,61,240,65,1,66,177,177,98,139,236,64,66,158,239,247,64,123,20,240,65,1,71,177,177,98,129,149,65,66,121,233,250,64,164,112,239,65,1,76,177,177,98,139,108,66,66,217,206,255,64,164,112,239,65,1,81,177,177,98,4,86,67,66,104,145,3,65,154,153,239,65,1,86,177,177,98,84,227,67,66,170,241,6,65,133,235,239,65,1,91,177,177,98,29,218,68,66,129,149,9,65,0,0,240,65,1,96,177,177,98,166,27,69,66,98,16,12,65,0,0,240,65,1,101,177,177,98,57,180,68,66,10,215,19,65,0,0,240,65,1,106,177,177,98,236,209,68,66,180,200,26,65,123,20,240,65,1,111,177,177,98,23,217,68,66,92,143,34,65,123,20,240,65,1,116,177,177,98,92,15,69,66,29,90,40,65,123,20,240,65,224,255,48,0,1,116,177,177,98,92,15,69,66,29,90,40,65,123,20,240,65,1,121,177,177,98,150,67,69,66,88,57,46,65,123,20,240,65,1,126,177,177,98,6,129,69,66,137,65,50,65,0,0,240,65,1,131,177,177,98,223,207,69,66,2,43,49,65,123,20,240,65,1,136,177,177,98,4,214,46,66,186,73,232,64,123,20,240,65,1,141,177,177,98,240,167,46,66,143,194,229,64,123,20,240,65,1,146,177,177,98,127,106,46,66,53,94,226,64,113,61,240,65,1,151,177,177,98,246,40,46,66,45,178,221,64,123,20,240,65,1,156,177,177,98,45,50,46,66,213,120,217,64,113,61,240,65,1,161,177,177,98,59,223,45,66,184,30,213,64,113,61,240,65,1,166,177,177,98,203,161,45,66,92,143,198,64,113,61,240,65,1,172,177,177,98,158,239,45,66,70,182,183,64,246,40,240,65,1,177,177,177,98,117,19,46,66,6,129,173,64,0,0,240,65,224,255,48,0,1,177,177,177,98,117,19,46,66,6,129,173,64,0,0,240,65,1,182,177,177,98,8,172,46,66,160,26,163,64,123,20,240,65,1,187,177,177,98,225,122,47,66,131,192,158,64,123,20,240,65,1,192,177,177,98,170,113,48,66,12,2,155,64,123,20,240,65,1,197,177,177,98,139,108,49,66,80,141,151,64,0,0,240,65,1,202,177,177,98,250,126,50,66,125,63,153,64,164,112,239,65,1,207,177,177,98,205,204,51,66,29,90,156,64,174,71,239,65,1,212,177,177,98,254,84,53,66,84,227,153,64,174,71,239,65,1,217,177,177,98,213,248,54,66,152,110,154,64,41,92,239,65,1,222,177,177,98,229,80,55,66,236,81,152,64,174,71,239,65,1,227,177,177,98,100,187,55,66,199,75,151,64,205,204,238,65,1,232,177,177,98,57,52,56,66,90,100,151,64,184,30,239,65,1,237,177,177,98,227,165,56,66,8,172,152,64,41,92,239,65,224,255,48,0,1,237,177,177,98,227,165,56,66,8,172,152,64,41,92,239,65,1,242,177,177,98,8,44,57,66,174,71,153,64,41,92,239,65,1,247,177,177,98,131,192,57,66,10,215,155,64,174,71,239,65,1,252,177,177,98,33,48,58,66,125,63,157,64,41,92,239,65,1,1,178,177,98,2,171,58,66,51,51,155,64,41,92,239,65,1,6,178,177,98,221,36,59,66,162,69,154,64,154,153,239,65,1,11,178,177,98,133,235,59,66,219,249,154,64,31,133,239,65,1,16,178,177,98,0,128,60,66,170,241,158,64,164,112,239,65,1,21,178,177,98,57,52,61,66,92,143,162,64,154,153,239,65,1,26,178,177,98,78,226,60,66,125,63,169,64,133,235,239,65,1,31,178,177,98,225,122,60,66,117,147,172,64,143,194,239,65,1,36,178,177,98,113,189,60,66,172,28,182,64,10,215,239,65,1,41,178,177,98,219,249,60,66,8,172,188,64,0,0,240,65,224,255,48,0,1,41,178,177,98,219,249,60,66,8,172,188,64,0,0,240,65,1,46,178,177,98,248,83,61,66,176,114,196,64,10,215,239,65,1,51,178,177,98,233,166,61,66,78,98,208,64,0,0,240,65,1,56,178,177,98,223,207,61,66,98,16,216,64,0,0,240,65,1,61,178,177,98,240,167,62,66,102,102,222,64,143,194,239,65,1,66,178,177,98,80,13,63,66,14,45,234,64,123,20,240,65,1,71,178,177,98,178,29,63,66,125,63,241,64,154,153,239,65,1,76,178,177,98,199,203,63,66,244,253,244,64,143,194,239,65,1,81,178,177,98,4,86,64,66,154,153,249,64,10,215,239,65,1,86,178,177,98,139,236,64,66,158,239,247,64,10,215,239,65,1,91,178,177,98,129,149,65,66,121,233,250,64,0,0,240,65,1,96,178,177,98,139,108,66,66,217,206,255,64,133,235,239,65,1,101,178,177,98,4,86,67,66,104,145,3,65,133,235,239,65,224,255,48,0,1,101,178,177,98,4,86,67,66,104,145,3,65,133,235,239,65,1,106,178,177,98,84,227,67,66,170,241,6,65,0,0,240,65,1,111,178,177,98,29,218,68,66,129,149,9,65,0,0,240,65,1,116,178,177,98,166,27,69,66,98,16,12,65,123,20,240,65,1,121,178,177,98,57,180,68,66,10,215,19,65,123,20,240,65,1,126,178,177,98,236,209,68,66,180,200,26,65,123,20,240,65,1,131,178,177,98,23,217,68,66,92,143,34,65,0,0,240,65,1,136,178,177,98,92,15,69,66,29,90,40,65,41,92,239,65,1,141,178,177,98,150,67,69,66,88,57,46,65,164,112,239,65,1,146,178,177,98,6,129,69,66,137,65,50,65,41,92,239,65,1,151,178,177,98,223,207,69,66,2,43,49,65,164,112,239,65,1,156,178,177,98,4,214,46,66,186,73,232,64,41,92,239,65,1,161,178,177,98,240,167,46,66,143,194,229,64,174,71,239,65,224,255,48,0,1,161,178,177,98,240,167,46,66,143,194,229,64,174,71,239,65,1,166,178,177,98,127,106,46,66,53,94,226,64,72,225,238,65,1,171,178,177,98,246,40,46,66,45,178,221,64,51,51,239,65,1,176,178,177,98,45,50,46,66,213,120,217,64,184,30,239,65,1,181,178,177,98,59,223,45,66,184,30,213,64,41,92,239,65,1,186,178,177,98,203,161,45,66,92,143,198,64,51,51,239,65,1,191,178,177,98,158,239,45,66,70,182,183,64,195,245,238,65,1,26,177,177,98,248,83,61,66,176,114,196,64,123,20,240,65,1,31,177,177,98,233,166,61,66,78,98,208,64,113,61,240,65,1,36,177,177,98,223,207,61,66,98,16,216,64,123,20,240,65,1,41,177,177,98,240,167,62,66,102,102,222,64,0,0,240,65,1,46,177,177,98,80,13,63,66,14,45,234,64,123,20,240,65,1,51,177,177,98,178,29,63,66,125,63,241,64,0,0,240,65,38,255,48,0,1,51,177,177,98,178,29,63,66,125,63,241,64,0,0,240,65,1,56,177,177,98,199,203,63,66,244,253,244,64,246,40,240,65,254,]